161,211,171,181,121,201,232,231,191,131,141,221:0.0
161,211,171,181,121,201,232,231,191,131,141,222:0.0
161,211,171,181,121,201,232,231,191,131,141,223:0.0
161,211,171,181,121,201,232,231,191,131,141,224:0.0
161,211,171,181,121,201,232,231,191,131,141,225:0.0
161,211,171,181,121,201,231,233,191,131,141,221:0.0
161,211,171,181,121,201,231,233,191,131,141,222:0.0
161,211,171,181,121,201,231,233,191,131,141,223:0.0
161,211,171,181,121,201,231,233,191,131,141,224:0.0
161,211,171,181,121,201,231,233,191,131,141,225:0.0
161,211,171,181,122,201,231,191,131,141,221:53.0
161,211,171,181,122,201,231,191,131,141,222:37.0
161,211,171,181,122,201,231,191,131,141,223:0.0
161,211,171,181,122,201,231,191,131,141,224:0.0
161,211,171,181,122,201,231,191,131,141,225:0.0
161,211,143,171,181,121,201,231,191,131,141,221:0.0
161,211,143,171,181,121,201,231,191,131,141,222:0.0
161,211,143,171,181,121,201,231,191,131,141,223:0.0
161,211,143,171,181,121,201,231,191,131,141,224:0.0
161,211,143,171,181,121,201,231,191,131,141,225:0.0
161,171,212,181,121,201,231,191,131,141,221:397.0
161,171,212,181,121,201,231,191,131,141,222:381.0
161,171,212,181,121,201,231,191,131,141,223:318.0
161,171,212,181,121,201,231,191,131,141,224:249.0
161,171,212,181,121,201,231,191,131,141,225:0.0
161,211,171,181,121,201,231,191,131,142,141,221:0.0
161,211,171,181,121,201,231,191,131,142,141,222:0.0
161,211,171,181,121,201,231,191,131,142,141,223:0.0
161,211,171,181,121,201,231,191,131,142,141,224:0.0
161,211,171,181,121,201,231,191,131,142,141,225:0.0
161,211,171,181,182,121,201,231,191,131,141,221:0.0
161,211,171,181,182,121,201,231,191,131,141,222:0.0
161,211,171,181,182,121,201,231,191,131,141,223:0.0
161,211,171,181,182,121,201,231,191,131,141,224:0.0
161,211,171,181,182,121,201,231,191,131,141,225:0.0
161,211,171,132,181,121,201,231,191,141,221:265.0
161,211,171,132,181,121,201,231,191,141,222:249.0
161,211,171,132,181,121,201,231,191,141,223:185.0
161,211,171,132,181,121,201,231,191,141,224:116.0
161,211,171,132,181,121,201,231,191,141,225:0.0
161,211,171,181,183,121,201,231,191,131,141,221:0.0
161,211,171,181,183,121,201,231,191,131,141,222:0.0
161,211,171,181,183,121,201,231,191,131,141,223:0.0
161,211,171,181,183,121,201,231,191,131,141,224:0.0
161,211,171,181,183,121,201,231,191,131,141,225:0.0
161,211,181,121,172,201,231,191,131,141,221:265.0
161,211,181,121,172,201,231,191,131,141,222:249.0
161,211,181,121,172,201,231,191,131,141,223:185.0
161,211,181,121,172,201,231,191,131,141,224:116.0
161,211,181,121,172,201,231,191,131,141,225:0.0
161,202,211,171,181,121,231,191,131,141,221:265.0
161,202,211,171,181,121,231,191,131,141,222:249.0
161,202,211,171,181,121,231,191,131,141,223:185.0
161,202,211,171,181,121,231,191,131,141,224:116.0
161,202,211,171,181,121,231,191,131,141,225:0.0
161,211,171,181,121,201,231,131,192,141,221:265.0
161,211,171,181,121,201,231,131,192,141,222:249.0
161,211,171,181,121,201,231,131,192,141,223:185.0
161,211,171,181,121,201,231,131,192,141,224:116.0
161,211,171,181,121,201,231,131,192,141,225:0.0
161,211,171,181,121,184,201,231,191,131,141,221:0.0
161,211,171,181,121,184,201,231,191,131,141,222:0.0
161,211,171,181,121,184,201,231,191,131,141,223:0.0
161,211,171,181,121,184,201,231,191,131,141,224:0.0
161,211,171,181,121,184,201,231,191,131,141,225:0.0
211,162,171,181,121,201,231,191,131,141,221:450.0
211,162,171,181,121,201,231,191,131,141,222:434.0
211,162,171,181,121,201,231,191,131,141,223:371.0
211,162,171,181,121,201,231,191,131,141,224:302.0
211,162,171,181,121,201,231,191,131,141,225:0.0
161,211,171,181,121,201,231,191,131,141,221:530.0
161,211,171,181,121,201,231,191,131,141,222:514.0
161,211,171,181,121,201,231,191,131,141,223:450.0
161,211,171,181,121,201,231,191,131,141,224:381.0
161,211,171,181,121,201,231,191,131,141,225:26.0
